n    = BIOS(SOUND_SET_PITCH)ê›íËíl
freq = é¸îgêî[Hz]
note = âπäK

  n    freq       note
   0 00046.8750
   1 00046.8979
   2 00046.9208
   3 00046.9438
   4 00046.9667
   5 00046.9897
   6 00047.0127
   7 00047.0358
   8 00047.0588
   9 00047.0819
  10 00047.1050
  11 00047.1281
  12 00047.1513
  13 00047.1744
  14 00047.1976
  15 00047.2209
  16 00047.2441
  17 00047.2674
  18 00047.2906
  19 00047.3139
  20 00047.3373
  21 00047.3606
  22 00047.3840
  23 00047.4074
  24 00047.4308
  25 00047.4543
  26 00047.4777
  27 00047.5012
  28 00047.5248
  29 00047.5483
  30 00047.5719
  31 00047.5954
  32 00047.6190
  33 00047.6427
  34 00047.6663
  35 00047.6900
  36 00047.7137
  37 00047.7374
  38 00047.7612
  39 00047.7850
  40 00047.8088
  41 00047.8326
  42 00047.8564
  43 00047.8803
  44 00047.9042
  45 00047.9281
  46 00047.9520
  47 00047.9760
  48 00048.0000
  49 00048.0240
  50 00048.0480
  51 00048.0721
  52 00048.0962
  53 00048.1203
  54 00048.1444
  55 00048.1686
  56 00048.1928
  57 00048.2170
  58 00048.2412
  59 00048.2655
  60 00048.2897
  61 00048.3140
  62 00048.3384
  63 00048.3627
  64 00048.3871
  65 00048.4115
  66 00048.4359
  67 00048.4604
  68 00048.4848
  69 00048.5093
  70 00048.5339
  71 00048.5584
  72 00048.5830
  73 00048.6076
  74 00048.6322
  75 00048.6569
  76 00048.6815
  77 00048.7062
  78 00048.7310
  79 00048.7557
  80 00048.7805
  81 00048.8053
  82 00048.8301
  83 00048.8550
  84 00048.8798
  85 00048.9047
  86 00048.9297
  87 00048.9546
  88 00048.9796
  89 00049.0046   O1G  = 00048.9994
  90 00049.0296
  91 00049.0547
  92 00049.0798
  93 00049.1049
  94 00049.1300
  95 00049.1551
  96 00049.1803
  97 00049.2055
  98 00049.2308
  99 00049.2560
 100 00049.2813
 101 00049.3066
 102 00049.3320
 103 00049.3573
 104 00049.3827
 105 00049.4081
 106 00049.4336
 107 00049.4590
 108 00049.4845
 109 00049.5101
 110 00049.5356
 111 00049.5612
 112 00049.5868
 113 00049.6124
 114 00049.6381
 115 00049.6637
 116 00049.6894
 117 00049.7152
 118 00049.7409
 119 00049.7667
 120 00049.7925
 121 00049.8184
 122 00049.8442
 123 00049.8701
 124 00049.8960
 125 00049.9220
 126 00049.9480
 127 00049.9740
 128 00050.0000
 129 00050.0261
 130 00050.0521
 131 00050.0782
 132 00050.1044
 133 00050.1305
 134 00050.1567
 135 00050.1830
 136 00050.2092
 137 00050.2355
 138 00050.2618
 139 00050.2881
 140 00050.3145
 141 00050.3408
 142 00050.3673
 143 00050.3937
 144 00050.4202
 145 00050.4467
 146 00050.4732
 147 00050.4997
 148 00050.5263
 149 00050.5529
 150 00050.5796
 151 00050.6062
 152 00050.6329
 153 00050.6596
 154 00050.6864
 155 00050.7132
 156 00050.7400
 157 00050.7668
 158 00050.7937
 159 00050.8205
 160 00050.8475
 161 00050.8744
 162 00050.9014
 163 00050.9284
 164 00050.9554
 165 00050.9825
 166 00051.0096
 167 00051.0367
 168 00051.0638
 169 00051.0910
 170 00051.1182
 171 00051.1454
 172 00051.1727
 173 00051.2000
 174 00051.2273
 175 00051.2547
 176 00051.2821
 177 00051.3095
 178 00051.3369
 179 00051.3644
 180 00051.3919
 181 00051.4194
 182 00051.4469
 183 00051.4745
 184 00051.5021
 185 00051.5298
 186 00051.5575
 187 00051.5852
 188 00051.6129
 189 00051.6407
 190 00051.6685
 191 00051.6963
 192 00051.7241
 193 00051.7520
 194 00051.7799
 195 00051.8079
 196 00051.8359
 197 00051.8639
 198 00051.8919
 199 00051.9200   O1G+ = 00051.9131
 200 00051.9481
 201 00051.9762
 202 00052.0043
 203 00052.0325
 204 00052.0607
 205 00052.0890
 206 00052.1173
 207 00052.1456
 208 00052.1739
 209 00052.2023
 210 00052.2307
 211 00052.2591
 212 00052.2876
 213 00052.3161
 214 00052.3446
 215 00052.3732
 216 00052.4017
 217 00052.4304
 218 00052.4590
 219 00052.4877
 220 00052.5164
 221 00052.5452
 222 00052.5739
 223 00052.6027
 224 00052.6316
 225 00052.6604
 226 00052.6894
 227 00052.7183
 228 00052.7473
 229 00052.7763
 230 00052.8053
 231 00052.8343
 232 00052.8634
 233 00052.8926
 234 00052.9217
 235 00052.9509
 236 00052.9801
 237 00053.0094
 238 00053.0387
 239 00053.0680
 240 00053.0973
 241 00053.1267
 242 00053.1561
 243 00053.1856
 244 00053.2151
 245 00053.2446
 246 00053.2741
 247 00053.3037
 248 00053.3333
 249 00053.3630
 250 00053.3927
 251 00053.4224
 252 00053.4521
 253 00053.4819
 254 00053.5117
 255 00053.5416
 256 00053.5714
 257 00053.6013
 258 00053.6313
 259 00053.6613
 260 00053.6913
 261 00053.7213
 262 00053.7514
 263 00053.7815
 264 00053.8117
 265 00053.8418
 266 00053.8721
 267 00053.9023
 268 00053.9326
 269 00053.9629
 270 00053.9933
 271 00054.0236
 272 00054.0541
 273 00054.0845
 274 00054.1150
 275 00054.1455
 276 00054.1761
 277 00054.2067
 278 00054.2373
 279 00054.2679
 280 00054.2986
 281 00054.3294
 282 00054.3601
 283 00054.3909
 284 00054.4218
 285 00054.4526
 286 00054.4835
 287 00054.5145
 288 00054.5455
 289 00054.5765
 290 00054.6075
 291 00054.6386
 292 00054.6697
 293 00054.7009
 294 00054.7320
 295 00054.7633
 296 00054.7945
 297 00054.8258
 298 00054.8571
 299 00054.8885
 300 00054.9199
 301 00054.9513
 302 00054.9828
 303 00055.0143   O1A  = 00055.0000
 304 00055.0459
 305 00055.0775
 306 00055.1091
 307 00055.1407
 308 00055.1724
 309 00055.2041
 310 00055.2359
 311 00055.2677
 312 00055.2995
 313 00055.3314
 314 00055.3633
 315 00055.3953
 316 00055.4273
 317 00055.4593
 318 00055.4913
 319 00055.5234
 320 00055.5556
 321 00055.5877
 322 00055.6199
 323 00055.6522
 324 00055.6845
 325 00055.7168
 326 00055.7491
 327 00055.7815
 328 00055.8140
 329 00055.8464
 330 00055.8789
 331 00055.9115
 332 00055.9441
 333 00055.9767
 334 00056.0093
 335 00056.0420
 336 00056.0748
 337 00056.1075
 338 00056.1404
 339 00056.1732
 340 00056.2061
 341 00056.2390
 342 00056.2720
 343 00056.3050
 344 00056.3380
 345 00056.3711
 346 00056.4042
 347 00056.4374
 348 00056.4706
 349 00056.5038
 350 00056.5371
 351 00056.5704
 352 00056.6038
 353 00056.6372
 354 00056.6706
 355 00056.7041
 356 00056.7376
 357 00056.7711
 358 00056.8047
 359 00056.8384
 360 00056.8720
 361 00056.9057
 362 00056.9395
 363 00056.9733
 364 00057.0071
 365 00057.0410
 366 00057.0749
 367 00057.1089
 368 00057.1429
 369 00057.1769
 370 00057.2110
 371 00057.2451
 372 00057.2792
 373 00057.3134
 374 00057.3477
 375 00057.3819
 376 00057.4163
 377 00057.4506
 378 00057.4850
 379 00057.5195
 380 00057.5540
 381 00057.5885
 382 00057.6230
 383 00057.6577
 384 00057.6923
 385 00057.7270
 386 00057.7617
 387 00057.7965
 388 00057.8313
 389 00057.8662
 390 00057.9011
 391 00057.9360
 392 00057.9710
 393 00058.0060
 394 00058.0411
 395 00058.0762
 396 00058.1114
 397 00058.1466
 398 00058.1818
 399 00058.2171
 400 00058.2524
 401 00058.2878   O1A+ = 00058.2705
 402 00058.3232
 403 00058.3587
 404 00058.3942
 405 00058.4297
 406 00058.4653
 407 00058.5009
 408 00058.5366
 409 00058.5723
 410 00058.6081
 411 00058.6439
 412 00058.6797
 413 00058.7156
 414 00058.7515
 415 00058.7875
 416 00058.8235
 417 00058.8596
 418 00058.8957
 419 00058.9319
 420 00058.9681
 421 00059.0043
 422 00059.0406
 423 00059.0769
 424 00059.1133
 425 00059.1497
 426 00059.1862
 427 00059.2227
 428 00059.2593
 429 00059.2959
 430 00059.3325
 431 00059.3692
 432 00059.4059
 433 00059.4427
 434 00059.4796
 435 00059.5164
 436 00059.5533
 437 00059.5903
 438 00059.6273
 439 00059.6644
 440 00059.7015
 441 00059.7386
 442 00059.7758
 443 00059.8131
 444 00059.8504
 445 00059.8877
 446 00059.9251
 447 00059.9625
 448 00060.0000
 449 00060.0375
 450 00060.0751
 451 00060.1127
 452 00060.1504
 453 00060.1881
 454 00060.2258
 455 00060.2637
 456 00060.3015
 457 00060.3394
 458 00060.3774
 459 00060.4154
 460 00060.4534
 461 00060.4915
 462 00060.5296
 463 00060.5678
 464 00060.6061
 465 00060.6443
 466 00060.6827
 467 00060.7211
 468 00060.7595
 469 00060.7980
 470 00060.8365
 471 00060.8751
 472 00060.9137
 473 00060.9524
 474 00060.9911
 475 00061.0299
 476 00061.0687
 477 00061.1076
 478 00061.1465
 479 00061.1855
 480 00061.2245
 481 00061.2636
 482 00061.3027
 483 00061.3419
 484 00061.3811
 485 00061.4203
 486 00061.4597
 487 00061.4990
 488 00061.5385
 489 00061.5779
 490 00061.6175
 491 00061.6570
 492 00061.6967
 493 00061.7363   O1B  = 00061.7354
 494 00061.7761
 495 00061.8158
 496 00061.8557
 497 00061.8956
 498 00061.9355
 499 00061.9755
 500 00062.0155
 501 00062.0556
 502 00062.0957
 503 00062.1359
 504 00062.1762
 505 00062.2165
 506 00062.2568
 507 00062.2972
 508 00062.3377
 509 00062.3782
 510 00062.4187
 511 00062.4593
 512 00062.5000
 513 00062.5407
 514 00062.5815
 515 00062.6223
 516 00062.6632
 517 00062.7041
 518 00062.7451
 519 00062.7861
 520 00062.8272
 521 00062.8684
 522 00062.9096
 523 00062.9508
 524 00062.9921
 525 00063.0335
 526 00063.0749
 527 00063.1164
 528 00063.1579
 529 00063.1995
 530 00063.2411
 531 00063.2828
 532 00063.3245
 533 00063.3663
 534 00063.4082
 535 00063.4501
 536 00063.4921
 537 00063.5341
 538 00063.5762
 539 00063.6183
 540 00063.6605
 541 00063.7027
 542 00063.7450
 543 00063.7874
 544 00063.8298
 545 00063.8723
 546 00063.9148
 547 00063.9574
 548 00064.0000
 549 00064.0427
 550 00064.0854
 551 00064.1283
 552 00064.1711
 553 00064.2140
 554 00064.2570
 555 00064.3001
 556 00064.3432
 557 00064.3863
 558 00064.4295
 559 00064.4728
 560 00064.5161
 561 00064.5595
 562 00064.6030
 563 00064.6465
 564 00064.6900
 565 00064.7336
 566 00064.7773
 567 00064.8211
 568 00064.8649
 569 00064.9087
 570 00064.9526
 571 00064.9966
 572 00065.0407
 573 00065.0847
 574 00065.1289
 575 00065.1731
 576 00065.2174
 577 00065.2617
 578 00065.3061
 579 00065.3506
 580 00065.3951   O2C  = 00065.4064
 581 00065.4397
 582 00065.4843
 583 00065.5290
 584 00065.5738
 585 00065.6186
 586 00065.6635
 587 00065.7084
 588 00065.7534
 589 00065.7985
 590 00065.8436
 591 00065.8888
 592 00065.9341
 593 00065.9794
 594 00066.0248
 595 00066.0702
 596 00066.1157
 597 00066.1613
 598 00066.2069
 599 00066.2526
 600 00066.2983
 601 00066.3442
 602 00066.3900
 603 00066.4360
 604 00066.4820
 605 00066.5281
 606 00066.5742
 607 00066.6204
 608 00066.6667
 609 00066.7130
 610 00066.7594
 611 00066.8058
 612 00066.8524
 613 00066.8990
 614 00066.9456
 615 00066.9923
 616 00067.0391
 617 00067.0860
 618 00067.1329
 619 00067.1798
 620 00067.2269
 621 00067.2740
 622 00067.3212
 623 00067.3684
 624 00067.4157
 625 00067.4631
 626 00067.5105
 627 00067.5581
 628 00067.6056
 629 00067.6533
 630 00067.7010
 631 00067.7488
 632 00067.7966
 633 00067.8445
 634 00067.8925
 635 00067.9406
 636 00067.9887
 637 00068.0369
 638 00068.0851
 639 00068.1334
 640 00068.1818
 641 00068.2303
 642 00068.2788
 643 00068.3274
 644 00068.3761
 645 00068.4248
 646 00068.4736
 647 00068.5225
 648 00068.5714
 649 00068.6204
 650 00068.6695
 651 00068.7187
 652 00068.7679
 653 00068.8172
 654 00068.8666
 655 00068.9160
 656 00068.9655
 657 00069.0151
 658 00069.0647
 659 00069.1145
 660 00069.1643
 661 00069.2141
 662 00069.2641
 663 00069.3141   O2C+ = 00069.2957
 664 00069.3642
 665 00069.4143
 666 00069.4645
 667 00069.5148
 668 00069.5652
 669 00069.6157
 670 00069.6662
 671 00069.7168
 672 00069.7674
 673 00069.8182
 674 00069.8690
 675 00069.9199
 676 00069.9708
 677 00070.0219
 678 00070.0730
 679 00070.1242
 680 00070.1754
 681 00070.2268
 682 00070.2782
 683 00070.3297
 684 00070.3812
 685 00070.4329
 686 00070.4846
 687 00070.5364
 688 00070.5882
 689 00070.6402
 690 00070.6922
 691 00070.7443
 692 00070.7965
 693 00070.8487
 694 00070.9010
 695 00070.9534
 696 00071.0059
 697 00071.0585
 698 00071.1111
 699 00071.1638
 700 00071.2166
 701 00071.2695
 702 00071.3224
 703 00071.3755
 704 00071.4286
 705 00071.4818
 706 00071.5350
 707 00071.5884
 708 00071.6418
 709 00071.6953
 710 00071.7489
 711 00071.8025
 712 00071.8563
 713 00071.9101
 714 00071.9640
 715 00072.0180
 716 00072.0721
 717 00072.1262
 718 00072.1805
 719 00072.2348
 720 00072.2892
 721 00072.3436
 722 00072.3982
 723 00072.4528
 724 00072.5076
 725 00072.5624
 726 00072.6172
 727 00072.6722
 728 00072.7273
 729 00072.7824
 730 00072.8376
 731 00072.8929
 732 00072.9483
 733 00073.0038
 734 00073.0594
 735 00073.1150
 736 00073.1707
 737 00073.2265
 738 00073.2824
 739 00073.3384
 740 00073.3945   O2D  = 00073.4162
 741 00073.4507
 742 00073.5069
 743 00073.5632
 744 00073.6196
 745 00073.6761
 746 00073.7327
 747 00073.7894
 748 00073.8462
 749 00073.9030
 750 00073.9599
 751 00074.0170
 752 00074.0741
 753 00074.1313
 754 00074.1886
 755 00074.2459
 756 00074.3034
 757 00074.3610
 758 00074.4186
 759 00074.4763
 760 00074.5342
 761 00074.5921
 762 00074.6501
 763 00074.7082
 764 00074.7664
 765 00074.8246
 766 00074.8830
 767 00074.9415
 768 00075.0000
 769 00075.0586
 770 00075.1174
 771 00075.1762
 772 00075.2351
 773 00075.2941
 774 00075.3532
 775 00075.4124
 776 00075.4717
 777 00075.5311
 778 00075.5906
 779 00075.6501
 780 00075.7098
 781 00075.7695
 782 00075.8294
 783 00075.8893
 784 00075.9494
 785 00076.0095
 786 00076.0697
 787 00076.1301
 788 00076.1905
 789 00076.2510
 790 00076.3116
 791 00076.3723
 792 00076.4331
 793 00076.4940
 794 00076.5550
 795 00076.6161
 796 00076.6773
 797 00076.7386
 798 00076.8000
 799 00076.8615
 800 00076.9231
 801 00076.9848
 802 00077.0465
 803 00077.1084
 804 00077.1704
 805 00077.2325
 806 00077.2947
 807 00077.3570
 808 00077.4194
 809 00077.4818
 810 00077.5444
 811 00077.6071
 812 00077.6699
 813 00077.7328
 814 00077.7958   O2D+ = 00077.7817
 815 00077.8589
 816 00077.9221
 817 00077.9854
 818 00078.0488
 819 00078.1123
 820 00078.1759
 821 00078.2396
 822 00078.3034
 823 00078.3673
 824 00078.4314
 825 00078.4955
 826 00078.5597
 827 00078.6241
 828 00078.6885
 829 00078.7531
 830 00078.8177
 831 00078.8825
 832 00078.9474
 833 00079.0123
 834 00079.0774
 835 00079.1426
 836 00079.2079
 837 00079.2733
 838 00079.3388
 839 00079.4045
 840 00079.4702
 841 00079.5360
 842 00079.6020
 843 00079.6680
 844 00079.7342
 845 00079.8005
 846 00079.8669
 847 00079.9334
 848 00080.0000
 849 00080.0667
 850 00080.1336
 851 00080.2005
 852 00080.2676
 853 00080.3347
 854 00080.4020
 855 00080.4694
 856 00080.5369
 857 00080.6045
 858 00080.6723
 859 00080.7401
 860 00080.8081
 861 00080.8762
 862 00080.9444
 863 00081.0127
 864 00081.0811
 865 00081.1496
 866 00081.2183
 867 00081.2870
 868 00081.3559
 869 00081.4249
 870 00081.4941
 871 00081.5633
 872 00081.6327
 873 00081.7021
 874 00081.7717
 875 00081.8414
 876 00081.9113
 877 00081.9812
 878 00082.0513
 879 00082.1215
 880 00082.1918
 881 00082.2622
 882 00082.3328
 883 00082.4034   O2E  = 00082.4069
 884 00082.4742
 885 00082.5451
 886 00082.6162
 887 00082.6873
 888 00082.7586
 889 00082.8300
 890 00082.9016
 891 00082.9732
 892 00083.0450
 893 00083.1169
 894 00083.1889
 895 00083.2611
 896 00083.3333
 897 00083.4057
 898 00083.4783
 899 00083.5509
 900 00083.6237
 901 00083.6966
 902 00083.7696
 903 00083.8428
 904 00083.9161
 905 00083.9895
 906 00084.0630
 907 00084.1367
 908 00084.2105
 909 00084.2845
 910 00084.3585
 911 00084.4327
 912 00084.5070
 913 00084.5815
 914 00084.6561
 915 00084.7308
 916 00084.8057
 917 00084.8806
 918 00084.9558
 919 00085.0310
 920 00085.1064
 921 00085.1819
 922 00085.2575
 923 00085.3333
 924 00085.4093
 925 00085.4853
 926 00085.5615
 927 00085.6378
 928 00085.7143
 929 00085.7909
 930 00085.8676
 931 00085.9445
 932 00086.0215
 933 00086.0987
 934 00086.1759
 935 00086.2534
 936 00086.3309
 937 00086.4086
 938 00086.4865
 939 00086.5645
 940 00086.6426
 941 00086.7209
 942 00086.7993
 943 00086.8778
 944 00086.9565
 945 00087.0354
 946 00087.1143
 947 00087.1935
 948 00087.2727   O2F  = 00087.3071
 949 00087.3521
 950 00087.4317
 951 00087.5114
 952 00087.5912
 953 00087.6712
 954 00087.7514
 955 00087.8317
 956 00087.9121
 957 00087.9927
 958 00088.0734
 959 00088.1543
 960 00088.2353
 961 00088.3165
 962 00088.3978
 963 00088.4793
 964 00088.5609
 965 00088.6427
 966 00088.7246
 967 00088.8067
 968 00088.8889
 969 00088.9713
 970 00089.0538
 971 00089.1365
 972 00089.2193
 973 00089.3023
 974 00089.3855
 975 00089.4688
 976 00089.5522
 977 00089.6359
 978 00089.7196
 979 00089.8036
 980 00089.8876
 981 00089.9719
 982 00090.0563
 983 00090.1408
 984 00090.2256
 985 00090.3104
 986 00090.3955
 987 00090.4807
 988 00090.5660
 989 00090.6516
 990 00090.7372
 991 00090.8231
 992 00090.9091
 993 00090.9953
 994 00091.0816
 995 00091.1681
 996 00091.2548
 997 00091.3416
 998 00091.4286
 999 00091.5157
1000 00091.6031
1001 00091.6905
1002 00091.7782
1003 00091.8660
1004 00091.9540
1005 00092.0422
1006 00092.1305
1007 00092.2190
1008 00092.3077
1009 00092.3965
1010 00092.4855   O2F+ = 00092.4986
1011 00092.5747
1012 00092.6641
1013 00092.7536
1014 00092.8433
1015 00092.9332
1016 00093.0233
1017 00093.1135
1018 00093.2039
1019 00093.2945
1020 00093.3852
1021 00093.4761
1022 00093.5673
1023 00093.6585
1024 00093.7500
1025 00093.8416
1026 00093.9335
1027 00094.0255
1028 00094.1176
1029 00094.2100
1030 00094.3026
1031 00094.3953
1032 00094.4882
1033 00094.5813
1034 00094.6746
1035 00094.7680
1036 00094.8617
1037 00094.9555
1038 00095.0495
1039 00095.1437
1040 00095.2381
1041 00095.3327
1042 00095.4274
1043 00095.5224
1044 00095.6175
1045 00095.7129
1046 00095.8084
1047 00095.9041
1048 00096.0000
1049 00096.0961
1050 00096.1924
1051 00096.2889
1052 00096.3855
1053 00096.4824
1054 00096.5795
1055 00096.6767
1056 00096.7742
1057 00096.8718
1058 00096.9697
1059 00097.0677
1060 00097.1660
1061 00097.2644
1062 00097.3631
1063 00097.4619
1064 00097.5610
1065 00097.6602
1066 00097.7597
1067 00097.8593
1068 00097.9592   O2G  = 00097.9989
1069 00098.0592
1070 00098.1595
1071 00098.2600
1072 00098.3607
1073 00098.4615
1074 00098.5626
1075 00098.6639
1076 00098.7654
1077 00098.8671
1078 00098.9691
1079 00099.0712
1080 00099.1736
1081 00099.2761
1082 00099.3789
1083 00099.4819
1084 00099.5851
1085 00099.6885
1086 00099.7921
1087 00099.8959
1088 00100.0000
1089 00100.1043
1090 00100.2088
1091 00100.3135
1092 00100.4184
1093 00100.5236
1094 00100.6289
1095 00100.7345
1096 00100.8403
1097 00100.9464
1098 00101.0526
1099 00101.1591
1100 00101.2658
1101 00101.3728
1102 00101.4799
1103 00101.5873
1104 00101.6949
1105 00101.8028
1106 00101.9108
1107 00102.0191
1108 00102.1277
1109 00102.2364
1110 00102.3454
1111 00102.4546
1112 00102.5641
1113 00102.6738
1114 00102.7837
1115 00102.8939
1116 00103.0043
1117 00103.1149
1118 00103.2258
1119 00103.3369
1120 00103.4483
1121 00103.5599
1122 00103.6717
1123 00103.7838   O2G+ = 00103.8262
1124 00103.8961
1125 00104.0087
1126 00104.1215
1127 00104.2345
1128 00104.3478
1129 00104.4614
1130 00104.5752
1131 00104.6892
1132 00104.8035
1133 00104.9180
1134 00105.0328
1135 00105.1479
1136 00105.2632
1137 00105.3787
1138 00105.4945
1139 00105.6106
1140 00105.7269
1141 00105.8434
1142 00105.9603
1143 00106.0773
1144 00106.1947
1145 00106.3123
1146 00106.4302
1147 00106.5483
1148 00106.6667
1149 00106.7853
1150 00106.9042
1151 00107.0234
1152 00107.1429
1153 00107.2626
1154 00107.3826
1155 00107.5028
1156 00107.6233
1157 00107.7441
1158 00107.8652
1159 00107.9865
1160 00108.1081
1161 00108.2300
1162 00108.3521
1163 00108.4746
1164 00108.5973
1165 00108.7203
1166 00108.8435
1167 00108.9671
1168 00109.0909
1169 00109.2150
1170 00109.3394
1171 00109.4641
1172 00109.5890
1173 00109.7143
1174 00109.8398
1175 00109.9656   O2A  = 00110.0000
1176 00110.0917
1177 00110.2181
1178 00110.3448
1179 00110.4718
1180 00110.5991
1181 00110.7266
1182 00110.8545
1183 00110.9827
1184 00111.1111
1185 00111.2399
1186 00111.3689
1187 00111.4983
1188 00111.6279
1189 00111.7579
1190 00111.8881
1191 00112.0187
1192 00112.1495
1193 00112.2807
1194 00112.4122
1195 00112.5440
1196 00112.6761
1197 00112.8085
1198 00112.9412
1199 00113.0742
1200 00113.2075
1201 00113.3412
1202 00113.4752
1203 00113.6095
1204 00113.7441
1205 00113.8790
1206 00114.0143
1207 00114.1498
1208 00114.2857
1209 00114.4219
1210 00114.5585
1211 00114.6953
1212 00114.8325
1213 00114.9701
1214 00115.1079
1215 00115.2461
1216 00115.3846
1217 00115.5235
1218 00115.6627
1219 00115.8022
1220 00115.9420
1221 00116.0822
1222 00116.2228
1223 00116.3636
1224 00116.5049   O2A+ = 00116.5409
1225 00116.6464
1226 00116.7883
1227 00116.9306
1228 00117.0732
1229 00117.2161
1230 00117.3594
1231 00117.5031
1232 00117.6471
1233 00117.7914
1234 00117.9361
1235 00118.0812
1236 00118.2266
1237 00118.3724
1238 00118.5185
1239 00118.6650
1240 00118.8119
1241 00118.9591
1242 00119.1067
1243 00119.2547
1244 00119.4030
1245 00119.5517
1246 00119.7007
1247 00119.8502
1248 00120.0000
1249 00120.1502
1250 00120.3008
1251 00120.4517
1252 00120.6030
1253 00120.7547
1254 00120.9068
1255 00121.0593
1256 00121.2121
1257 00121.3654
1258 00121.5190
1259 00121.6730
1260 00121.8274
1261 00121.9822
1262 00122.1374
1263 00122.2930
1264 00122.4490
1265 00122.6054
1266 00122.7621
1267 00122.9193
1268 00123.0769
1269 00123.2349
1270 00123.3933   O2B  = 00123.4708
1271 00123.5521
1272 00123.7113
1273 00123.8710
1274 00124.0310
1275 00124.1915
1276 00124.3523
1277 00124.5136
1278 00124.6753
1279 00124.8375
1280 00125.0000
1281 00125.1630
1282 00125.3264
1283 00125.4902
1284 00125.6545
1285 00125.8191
1286 00125.9843
1287 00126.1498
1288 00126.3158
1289 00126.4822
1290 00126.6491
1291 00126.8164
1292 00126.9841
1293 00127.1523
1294 00127.3210
1295 00127.4900
1296 00127.6596
1297 00127.8296
1298 00128.0000
1299 00128.1709
1300 00128.3422
1301 00128.5141
1302 00128.6863
1303 00128.8591
1304 00129.0323
1305 00129.2059
1306 00129.3801
1307 00129.5547
1308 00129.7297
1309 00129.9053
1310 00130.0813
1311 00130.2578
1312 00130.4348
1313 00130.6122
1314 00130.7902   O3C  = 00130.8128
1315 00130.9686
1316 00131.1475
1317 00131.3269
1318 00131.5068
1319 00131.6872
1320 00131.8681
1321 00132.0495
1322 00132.2314
1323 00132.4138
1324 00132.5967
1325 00132.7801
1326 00132.9640
1327 00133.1484
1328 00133.3333
1329 00133.5188
1330 00133.7047
1331 00133.8912
1332 00134.0782
1333 00134.2657
1334 00134.4538
1335 00134.6424
1336 00134.8315
1337 00135.0211
1338 00135.2113
1339 00135.4020
1340 00135.5932
1341 00135.7850
1342 00135.9773
1343 00136.1702
1344 00136.3636
1345 00136.5576
1346 00136.7521
1347 00136.9472
1348 00137.1429
1349 00137.3391
1350 00137.5358
1351 00137.7331
1352 00137.9310
1353 00138.1295
1354 00138.3285
1355 00138.5281   O3C+ = 00138.5913
1356 00138.7283
1357 00138.9291
1358 00139.1304
1359 00139.3324
1360 00139.5349
1361 00139.7380
1362 00139.9417
1363 00140.1460
1364 00140.3509
1365 00140.5564
1366 00140.7625
1367 00140.9692
1368 00141.1765
1369 00141.3844
1370 00141.5929
1371 00141.8021
1372 00142.0118
1373 00142.2222
1374 00142.4332
1375 00142.6449
1376 00142.8571
1377 00143.0700
1378 00143.2836
1379 00143.4978
1380 00143.7126
1381 00143.9280
1382 00144.1441
1383 00144.3609
1384 00144.5783
1385 00144.7964
1386 00145.0151
1387 00145.2345
1388 00145.4545
1389 00145.6753
1390 00145.8967
1391 00146.1187
1392 00146.3415
1393 00146.5649
1394 00146.7890   O3D  = 00146.8324
1395 00147.0138
1396 00147.2393
1397 00147.4654
1398 00147.6923
1399 00147.9199
1400 00148.1481
1401 00148.3771
1402 00148.6068
1403 00148.8372
1404 00149.0683
1405 00149.3002
1406 00149.5327
1407 00149.7660
1408 00150.0000
1409 00150.2347
1410 00150.4702
1411 00150.7064
1412 00150.9434
1413 00151.1811
1414 00151.4196
1415 00151.6588
1416 00151.8987
1417 00152.1395
1418 00152.3810
1419 00152.6232
1420 00152.8662
1421 00153.1100
1422 00153.3546
1423 00153.6000
1424 00153.8462
1425 00154.0931
1426 00154.3408
1427 00154.5894
1428 00154.8387
1429 00155.0889
1430 00155.3398
1431 00155.5916   O3D+ = 00155.5635
1432 00155.8442
1433 00156.0976
1434 00156.3518
1435 00156.6069
1436 00156.8627
1437 00157.1195
1438 00157.3770
1439 00157.6355
1440 00157.8947
1441 00158.1549
1442 00158.4158
1443 00158.6777
1444 00158.9404
1445 00159.2040
1446 00159.4684
1447 00159.7338
1448 00160.0000
1449 00160.2671
1450 00160.5351
1451 00160.8040
1452 00161.0738
1453 00161.3445
1454 00161.6162
1455 00161.8887
1456 00162.1622
1457 00162.4365
1458 00162.7119
1459 00162.9881
1460 00163.2653
1461 00163.5434
1462 00163.8225
1463 00164.1026
1464 00164.3836
1465 00164.6655
1466 00164.9485   O3E  = 00164.8138
1467 00165.2324
1468 00165.5172
1469 00165.8031
1470 00166.0900
1471 00166.3778
1472 00166.6667
1473 00166.9565
1474 00167.2474
1475 00167.5393
1476 00167.8322
1477 00168.1261
1478 00168.4211
1479 00168.7170
1480 00169.0141
1481 00169.3122
1482 00169.6113
1483 00169.9115
1484 00170.2128
1485 00170.5151
1486 00170.8185
1487 00171.1230
1488 00171.4286
1489 00171.7352
1490 00172.0430
1491 00172.3519
1492 00172.6619
1493 00172.9730
1494 00173.2852
1495 00173.5986
1496 00173.9130
1497 00174.2287
1498 00174.5455   O3F  = 00174.6141
1499 00174.8634
1500 00175.1825
1501 00175.5027
1502 00175.8242
1503 00176.1468
1504 00176.4706
1505 00176.7956
1506 00177.1218
1507 00177.4492
1508 00177.7778
1509 00178.1076
1510 00178.4387
1511 00178.7709
1512 00179.1045
1513 00179.4393
1514 00179.7753
1515 00180.1126
1516 00180.4511
1517 00180.7910
1518 00181.1321
1519 00181.4745
1520 00181.8182
1521 00182.1632
1522 00182.5095
1523 00182.8571
1524 00183.2061
1525 00183.5564
1526 00183.9080
1527 00184.2610
1528 00184.6154
1529 00184.9711   O3F+ = 00184.9972
1530 00185.3282
1531 00185.6867
1532 00186.0465
1533 00186.4078
1534 00186.7704
1535 00187.1345
1536 00187.5000
1537 00187.8669
1538 00188.2353
1539 00188.6051
1540 00188.9764
1541 00189.3491
1542 00189.7233
1543 00190.0990
1544 00190.4762
1545 00190.8549
1546 00191.2351
1547 00191.6168
1548 00192.0000
1549 00192.3848
1550 00192.7711
1551 00193.1590
1552 00193.5484
1553 00193.9394
1554 00194.3320
1555 00194.7262
1556 00195.1220
1557 00195.5193
1558 00195.9184   O3G  = 00195.9977
1559 00196.3190
1560 00196.7213
1561 00197.1253
1562 00197.5309
1563 00197.9381
1564 00198.3471
1565 00198.7578
1566 00199.1701
1567 00199.5842
1568 00200.0000
1569 00200.4175
1570 00200.8368
1571 00201.2579
1572 00201.6807
1573 00202.1053
1574 00202.5316
1575 00202.9598
1576 00203.3898
1577 00203.8217
1578 00204.2553
1579 00204.6908
1580 00205.1282
1581 00205.5675
1582 00206.0086
1583 00206.4516
1584 00206.8966
1585 00207.3434
1586 00207.7922   O3G+ = 00207.6523
1587 00208.2430
1588 00208.6957
1589 00209.1503
1590 00209.6070
1591 00210.0656
1592 00210.5263
1593 00210.9890
1594 00211.4537
1595 00211.9205
1596 00212.3894
1597 00212.8603
1598 00213.3333
1599 00213.8085
1600 00214.2857
1601 00214.7651
1602 00215.2466
1603 00215.7303
1604 00216.2162
1605 00216.7043
1606 00217.1946
1607 00217.6871
1608 00218.1818
1609 00218.6788
1610 00219.1781
1611 00219.6796
1612 00220.1835   O3A  = 00220.0000
1613 00220.6897
1614 00221.1982
1615 00221.7090
1616 00222.2222
1617 00222.7378
1618 00223.2558
1619 00223.7762
1620 00224.2991
1621 00224.8244
1622 00225.3521
1623 00225.8824
1624 00226.4151
1625 00226.9504
1626 00227.4882
1627 00228.0285
1628 00228.5714
1629 00229.1169
1630 00229.6651
1631 00230.2158
1632 00230.7692
1633 00231.3253
1634 00231.8841
1635 00232.4455
1636 00233.0097   O3A+ = 00233.0819
1637 00233.5766
1638 00234.1463
1639 00234.7188
1640 00235.2941
1641 00235.8722
1642 00236.4532
1643 00237.0370
1644 00237.6238
1645 00238.2134
1646 00238.8060
1647 00239.4015
1648 00240.0000
1649 00240.6015
1650 00241.2060
1651 00241.8136
1652 00242.4242
1653 00243.0380
1654 00243.6548
1655 00244.2748
1656 00244.8980
1657 00245.5243
1658 00246.1538
1659 00246.7866   O3B  = 00246.9417
1660 00247.4227
1661 00248.0620
1662 00248.7047
1663 00249.3506
1664 00250.0000
1665 00250.6527
1666 00251.3089
1667 00251.9685
1668 00252.6316
1669 00253.2982
1670 00253.9683
1671 00254.6419
1672 00255.3191
1673 00256.0000
1674 00256.6845
1675 00257.3727
1676 00258.0645
1677 00258.7601
1678 00259.4595
1679 00260.1626
1680 00260.8696
1681 00261.5804   O4C  = 00261.6256
1682 00262.2951
1683 00263.0137
1684 00263.7363
1685 00264.4628
1686 00265.1934
1687 00265.9280
1688 00266.6667
1689 00267.4095
1690 00268.1564
1691 00268.9076
1692 00269.6629
1693 00270.4225
1694 00271.1864
1695 00271.9547
1696 00272.7273
1697 00273.5043
1698 00274.2857
1699 00275.0716
1700 00275.8621
1701 00276.6571
1702 00277.4566   O4C+ = 00277.1826
1703 00278.2609
1704 00279.0698
1705 00279.8834
1706 00280.7018
1707 00281.5249
1708 00282.3529
1709 00283.1858
1710 00284.0237
1711 00284.8665
1712 00285.7143
1713 00286.5672
1714 00287.4251
1715 00288.2883
1716 00289.1566
1717 00290.0302
1718 00290.9091
1719 00291.7933
1720 00292.6829
1721 00293.5780   O4D  = 00293.6648
1722 00294.4785
1723 00295.3846
1724 00296.2963
1725 00297.2136
1726 00298.1366
1727 00299.0654
1728 00300.0000
1729 00300.9404
1730 00301.8868
1731 00302.8391
1732 00303.7975
1733 00304.7619
1734 00305.7325
1735 00306.7093
1736 00307.6923
1737 00308.6817
1738 00309.6774
1739 00310.6796   O4D+ = 00311.1270
1740 00311.6883
1741 00312.7036
1742 00313.7255
1743 00314.7541
1744 00315.7895
1745 00316.8317
1746 00317.8808
1747 00318.9369
1748 00320.0000
1749 00321.0702
1750 00322.1477
1751 00323.2323
1752 00324.3243
1753 00325.4237
1754 00326.5306
1755 00327.6451
1756 00328.7671
1757 00329.8969   O4E  = 00329.6276
1758 00331.0345
1759 00332.1799
1760 00333.3333
1761 00334.4948
1762 00335.6643
1763 00336.8421
1764 00338.0282
1765 00339.2226
1766 00340.4255
1767 00341.6370
1768 00342.8571
1769 00344.0860
1770 00345.3237
1771 00346.5704
1772 00347.8261
1773 00349.0909   O4F  = 00349.2282
1774 00350.3650
1775 00351.6484
1776 00352.9412
1777 00354.2435
1778 00355.5556
1779 00356.8773
1780 00358.2090
1781 00359.5506
1782 00360.9023
1783 00362.2642
1784 00363.6364
1785 00365.0190
1786 00366.4122
1787 00367.8161
1788 00369.2308
1789 00370.6564   O4F+ = 00369.9944
1790 00372.0930
1791 00373.5409
1792 00375.0000
1793 00376.4706
1794 00377.9528
1795 00379.4466
1796 00380.9524
1797 00382.4701
1798 00384.0000
1799 00385.5422
1800 00387.0968
1801 00388.6640
1802 00390.2439
1803 00391.8367   O4G  = 00391.9954
1804 00393.4426
1805 00395.0617
1806 00396.6942
1807 00398.3402
1808 00400.0000
1809 00401.6736
1810 00403.3613
1811 00405.0633
1812 00406.7797
1813 00408.5106
1814 00410.2564
1815 00412.0172
1816 00413.7931
1817 00415.5844   O4G+ = 00415.3047
1818 00417.3913
1819 00419.2140
1820 00421.0526
1821 00422.9075
1822 00424.7788
1823 00426.6667
1824 00428.5714
1825 00430.4933
1826 00432.4324
1827 00434.3891
1828 00436.3636
1829 00438.3562
1830 00440.3670   O4A  = 00440.0000
1831 00442.3963
1832 00444.4444
1833 00446.5116
1834 00448.5981
1835 00450.7042
1836 00452.8302
1837 00454.9763
1838 00457.1429
1839 00459.3301
1840 00461.5385
1841 00463.7681
1842 00466.0194   O4A+ = 00466.1638
1843 00468.2927
1844 00470.5882
1845 00472.9064
1846 00475.2475
1847 00477.6119
1848 00480.0000
1849 00482.4121
1850 00484.8485
1851 00487.3096
1852 00489.7959
1853 00492.3077
1854 00494.8454   O4B  = 00493.8833
1855 00497.4093
1856 00500.0000
1857 00502.6178
1858 00505.2632
1859 00507.9365
1860 00510.6383
1861 00513.3690
1862 00516.1290
1863 00518.9189
1864 00521.7391
1865 00524.5902   O5C  = 00523.2511
1866 00527.4725
1867 00530.3867
1868 00533.3333
1869 00536.3128
1870 00539.3258
1871 00542.3729
1872 00545.4545
1873 00548.5714
1874 00551.7241
1875 00554.9133   O5C+ = 00554.3653
1876 00558.1395
1877 00561.4035
1878 00564.7059
1879 00568.0473
1880 00571.4286
1881 00574.8503
1882 00578.3133
1883 00581.8182
1884 00585.3659
1885 00588.9571   O5D  = 00587.3295
1886 00592.5926
1887 00596.2733
1888 00600.0000
1889 00603.7736
1890 00607.5949
1891 00611.4650
1892 00615.3846
1893 00619.3548
1894 00623.3766   O5D+ = 00622.2540
1895 00627.4510
1896 00631.5789
1897 00635.7616
1898 00640.0000
1899 00644.2953
1900 00648.6486
1901 00653.0612
1902 00657.5342   O5E  = 00659.2551
1903 00662.0690
1904 00666.6667
1905 00671.3287
1906 00676.0563
1907 00680.8511
1908 00685.7143
1909 00690.6475
1910 00695.6522
1911 00700.7299   O5F  = 00698.4565
1912 00705.8824
1913 00711.1111
1914 00716.4179
1915 00721.8045
1916 00727.2727
1917 00732.8244
1918 00738.4615   O5F+ = 00739.9888
1919 00744.1860
1920 00750.0000
1921 00755.9055
1922 00761.9048
1923 00768.0000
1924 00774.1935
1925 00780.4878
1926 00786.8852   O5G  = 00783.9909
1927 00793.3884
1928 00800.0000
1929 00806.7227
1930 00813.5593
1931 00820.5128
1932 00827.5862   O5G+ = 00830.6094
1933 00834.7826
1934 00842.1053
1935 00849.5575
1936 00857.1429
1937 00864.8649
1938 00872.7273
1939 00880.7339   O5A  = 00880.0000
1940 00888.8889
1941 00897.1963
1942 00905.6604
1943 00914.2857
1944 00923.0769
1945 00932.0388   O5A+ = 00932.3275
1946 00941.1765
1947 00950.4950
1948 00960.0000
1949 00969.6970
1950 00979.5918
1951 00989.6907   O5B  = 00987.7666
1952 01000.0000
1953 01010.5263
1954 01021.2766
1955 01032.2581
1956 01043.4783   O6C  = 01046.5023
1957 01054.9451
1958 01066.6667
1959 01078.6517
1960 01090.9091
1961 01103.4483   O6C+ = 01108.7305
1962 01116.2791
1963 01129.4118
1964 01142.8571
1965 01156.6265
1966 01170.7317   O6D  = 01174.6591
1967 01185.1852
1968 01200.0000
1969 01215.1899
1970 01230.7692
1971 01246.7532   O6D+ = 01244.5079
1972 01263.1579
1973 01280.0000
1974 01297.2973
1975 01315.0685   O6E  = 01318.5102
1976 01333.3333
1977 01352.1127
1978 01371.4286
1979 01391.3043   O6F  = 01396.9129
1980 01411.7647
1981 01432.8358
1982 01454.5455
1983 01476.9231   O6F+ = 01479.9777
1984 01500.0000
1985 01523.8095
1986 01548.3871
1987 01573.7705   O6G  = 01567.9817
1988 01600.0000
1989 01627.1186
1990 01655.1724   O6G+ = 01661.2188
1991 01684.2105
1992 01714.2857
1993 01745.4545   O6A  = 01760.0000
1994 01777.7778
1995 01811.3208
1996 01846.1538
1997 01882.3529   O6A+ = 01864.6550
1998 01920.0000
1999 01959.1837   O6B  = 01975.5332
2000 02000.0000
2001 02042.5532
2002 02086.9565   O7C  = 02093.0045
2003 02133.3333
2004 02181.8182
2005 02232.5581   O7C+ = 02217.4610
2006 02285.7143
2007 02341.4634   O7D  = 02349.3181
2008 02400.0000
2009 02461.5385   O7D+ = 02489.0159
2010 02526.3158
2011 02594.5946
2012 02666.6667   O7E  = 02637.0205
2013 02742.8571
2014 02823.5294   O7F  = 02793.8259
2015 02909.0909
2016 03000.0000   O7F+ = 02959.9554
2017 03096.7742   O7G  = 03135.9635
2018 03200.0000
2019 03310.3448   O7G+ = 03322.4376
2020 03428.5714
2021 03555.5556   O7A  = 03520.0000
2022 03692.3077   O7A+ = 03729.3101
2023 03840.0000
2024 04000.0000   O7B  = 03951.0664
2025 04173.9130   O8C  = 04186.0090
2026 04363.6364   O8C+ = 04434.9221
2027 04571.4286
2028 04800.0000   O8D  = 04698.6363
2029 05052.6316   O8D+ = 04978.0317
2030 05333.3333   O8E  = 05274.0409
2031 05647.0588   O8F  = 05587.6517
2032 06000.0000   O8F+ = 05919.9108
2033 06400.0000   O8G  = 06271.9270
2034 06857.1429   O8G+ = 06644.8752 O8A  = 07040.0000
2035 07384.6154
2036 08000.0000
2037 08727.2727
2038 09600.0000
2039 10666.6667
2040 12000.0000
2041 13714.2857
2042 16000.0000
2043 19200.0000
2044 24000.0000
2045 32000.0000
2046 48000.0000
2047 96000.0000
